3506.86
3506.92
3506.98
3507.04
3507.11
3507.17
3507.23
3507.29
3507.35
3507.41
3507.47
3507.53
3507.60
3507.66
3507.72
3507.78
3507.84
3507.90
3507.96
3508.02
3508.09
3508.15
3508.21
3508.27
3508.33
3508.39
3508.45
3508.51
35083521.56
3521.62
3521.68
3521.74
3521.81
3521.87
3521.93
3521.99
3522.05
3522.11
3522.17
3522.23
3522.30
3522.36
3522.42
3522.48
3522.54
3522.60
3522.66
3522.72
3522.79
3522.85
3522.91
3522.97
3523.03
3523.09
3523.15
3523.21
3523.28
3523.34
3523.40
3523.46
3523.52
3523.58
3523.64
3523.70
3523.77
3523.83
3523.89
3523.95
3524.01
3524.07
3524.13
3524.19
3524.26
3524.32
3524.38
3524.44
3524.50
3524.56
3524.62
3524.68
3524.75
3524.81
3524.87
3524.93
3524.99
3525.05
3525.11
3525.17
3525.24
3525.30
3525.36
3525.42
3525.48
3525.54
3525.60
3525.66
3525.73
3525.79
3525.85
3525.91
3525.97
3526.03
3526.09
3526.15
3526.22
3526.28
3526.34
3526.40
3526.46
3526.52
3526.58
3526.64
3526.71
3526.77
3526.83
3526.89
3526.95
3527.01
3527.07
3527.13
3527.20
3527.26
3527.32
3527.38
3527.44
3527.50
3527.56
3527.62
3527.69
3527.75
3527.81
3527.87
